Bottom 
FEB  11 : corresponding to GDML  8
-2.8 -18.9 -27.9
-2.8 -18.9 -27.9
-2.8 -18.9 -27.9
-2.8 -18.9 -27.9
-2.8 -18.9 -27.9
-2.8 -18.9 -27.9
-2.8 -18.9 -27.9
-2.8 -18.9 -27.9
-2.8 -18.9 -27.9
-2.8 -18.9 -27.9
-2.8 -18.9 -27.9
-2.8 -18.9 -27.9
-2.8 -18.9 -27.9
-2.8 -18.9 -27.9
-2.8 -18.9 -27.9
-2.8 -18.9 -27.9

FEB  12 : corresponding to GDML  7
3.6 -18.9 -62.0
3.6 -18.9 -62.0
3.6 -18.9 -62.0
3.6 -18.9 -62.0
3.6 -18.9 -62.0
3.6 -18.9 -62.0
3.6 -18.9 -62.0
3.6 -18.9 -62.0
3.6 -18.9 -62.0
3.6 -18.9 -62.0
3.6 -18.9 -62.0
3.6 -18.9 -62.0
3.6 -18.9 -62.0
3.6 -18.9 -62.0
3.6 -18.9 -62.0
3.6 -18.9 -62.0

FEB  14 : corresponding to GDML  4
-4.6 -18.9 -4.8
-4.6 -18.9 -4.8
-4.6 -18.9 -4.8
-4.6 -18.9 -4.8
-4.6 -18.9 -4.8
-4.6 -18.9 -4.8
-4.6 -18.9 -4.8
-4.6 -18.9 -4.8
-4.6 -18.9 -4.8
-4.6 -18.9 -4.8
-4.6 -18.9 -4.8
-4.6 -18.9 -4.8
-4.6 -18.9 -4.8
-4.6 -18.9 -4.8
-4.6 -18.9 -4.8
-4.6 -18.9 -4.8

FEB  17 : corresponding to GDML  3
-4.6 -18.9 -4.8
-4.6 -18.9 -4.8
-4.6 -18.9 -4.8
-4.6 -18.9 -4.8
-4.6 -18.9 -4.8
-4.6 -18.9 -4.8
-4.6 -18.9 -4.8
-4.6 -18.9 -4.8
-4.6 -18.9 -4.8
-4.6 -18.9 -4.8
-4.6 -18.9 -4.8
-4.6 -18.9 -4.8
-4.6 -18.9 -4.8
-4.6 -18.9 -4.8
-4.6 -18.9 -4.8
-4.6 -18.9 -4.8

FEB  18 : corresponding to GDML  5
0.8 -18.9 -4.8
0.8 -18.9 -4.8
0.8 -18.9 -4.8
0.8 -18.9 -4.8
0.8 -18.9 -4.8
0.8 -18.9 -4.8
0.8 -18.9 -4.8
0.8 -18.9 -4.8
0.8 -18.9 -4.8
0.8 -18.9 -4.8
0.8 -18.9 -4.8
0.8 -18.9 -4.8
0.8 -18.9 -4.8
0.8 -18.9 -4.8
0.8 -18.9 -4.8
0.8 -18.9 -4.8

FEB  19 : corresponding to GDML  6
0.8 -18.9 -4.8
0.8 -18.9 -4.8
0.8 -18.9 -4.8
0.8 -18.9 -4.8
0.8 -18.9 -4.8
0.8 -18.9 -4.8
0.8 -18.9 -4.8
0.8 -18.9 -4.8
0.8 -18.9 -4.8
0.8 -18.9 -4.8
0.8 -18.9 -4.8
0.8 -18.9 -4.8
0.8 -18.9 -4.8
0.8 -18.9 -4.8
0.8 -18.9 -4.8
0.8 -18.9 -4.8

FEB  22 : corresponding to GDML  2
3.6 -18.9 5.4
3.6 -18.9 5.4
3.6 -18.9 5.4
3.6 -18.9 5.4
3.6 -18.9 5.4
3.6 -18.9 5.4
3.6 -18.9 5.4
3.6 -18.9 5.4
3.6 -18.9 5.4
3.6 -18.9 5.4
3.6 -18.9 5.4
3.6 -18.9 5.4
3.6 -18.9 5.4
3.6 -18.9 5.4
3.6 -18.9 5.4
3.6 -18.9 5.4

FEB  23 : corresponding to GDML  1
3.6 -18.9 5.4
3.6 -18.9 5.4
3.6 -18.9 5.4
3.6 -18.9 5.4
3.6 -18.9 5.4
3.6 -18.9 5.4
3.6 -18.9 5.4
3.6 -18.9 5.4
3.6 -18.9 5.4
3.6 -18.9 5.4
3.6 -18.9 5.4
3.6 -18.9 5.4
3.6 -18.9 5.4
3.6 -18.9 5.4
3.6 -18.9 5.4
3.6 -18.9 5.4

FEB  24 : corresponding to GDML  0
3.6 -18.9 5.4
3.6 -18.9 5.4
3.6 -18.9 5.4
3.6 -18.9 5.4
3.6 -18.9 5.4
3.6 -18.9 5.4
3.6 -18.9 5.4
3.6 -18.9 5.4
3.6 -18.9 5.4
3.6 -18.9 5.4
3.6 -18.9 5.4
3.6 -18.9 5.4
3.6 -18.9 5.4
3.6 -18.9 5.4
3.6 -18.9 5.4
3.6 -18.9 5.4


Top 
FEB  105 : corresponding to GDML  51
0.0 -2.0 27.7
0.0 -2.0 27.9
0.0 -2.0 28.0
0.0 -2.0 28.0
0.0 -2.0 28.2
0.0 -2.0 28.2
0.0 -2.0 28.4
0.0 -2.0 28.5
0.0 -2.0 28.5
0.0 -2.0 28.7
0.0 -2.0 28.7
0.0 -2.0 28.9
0.0 -2.0 29.0
0.0 -2.0 29.0
0.0 -2.0 29.2
0.0 -2.0 29.2

FEB  106 : corresponding to GDML  50
0.0 -2.0 26.7
0.0 -2.0 26.7
0.0 -2.0 26.9
0.0 -2.0 27.0
0.0 -2.0 27.0
0.0 -2.0 27.2
0.0 -2.0 27.2
0.0 -2.0 27.4
0.0 -2.0 27.5
0.0 -2.0 27.5
0.0 -2.0 27.7
0.0 -2.0 27.7
0.0 -2.0 27.9
0.0 -2.0 28.0
0.0 -2.0 28.0
0.0 -2.0 28.2

FEB  107 : corresponding to GDML  49
0.0 -2.0 25.6
0.0 -2.0 25.6
0.0 -2.0 25.8
0.0 -2.0 25.9
0.0 -2.0 25.9
0.0 -2.0 26.0
0.0 -2.0 26.2
0.0 -2.0 26.2
0.0 -2.0 26.3
0.0 -2.0 26.5
0.0 -2.0 26.5
0.0 -2.0 26.7
0.0 -2.0 26.7
0.0 -2.0 26.9
0.0 -2.0 27.0
0.0 -2.0 27.0

FEB  108 : corresponding to GDML  53
0.0 -2.0 13.9
0.0 -2.0 14.1
0.0 -2.0 14.1
0.0 -2.0 14.2
0.0 -2.0 14.4
0.0 -2.0 14.4
0.0 -2.0 14.5
0.0 -2.0 14.7
0.0 -2.0 14.8
0.0 -2.0 14.8
0.0 -2.0 15.0
0.0 -2.0 15.0
0.0 -2.0 15.1
0.0 -2.0 15.3
0.0 -2.0 15.3
0.0 -2.0 15.5

FEB  109 : corresponding to GDML  52
0.0 -2.0 28.9
0.0 -2.0 29.0
0.0 -2.0 29.0
0.0 -2.0 29.2
0.0 -2.0 29.2
0.0 -2.0 29.3
0.0 -2.0 29.5
0.0 -2.0 29.5
0.0 -2.0 29.7
0.0 -2.0 29.8
0.0 -2.0 29.8
0.0 -2.0 30.0
0.0 -2.0 30.0
0.0 -2.0 30.2
0.0 -2.0 30.2
0.0 -2.0 30.3

FEB  111 : corresponding to GDML  55
0.0 -2.0 12.8
0.0 -2.0 12.9
0.0 -2.0 13.0
0.0 -2.0 13.0
0.0 -2.0 13.1
0.0 -2.0 13.2
0.0 -2.0 13.4
0.0 -2.0 13.4
0.0 -2.0 13.6
0.0 -2.0 13.6
0.0 -2.0 13.8
0.0 -2.0 13.9
0.0 -2.0 13.9
0.0 -2.0 14.1
0.0 -2.0 14.1
0.0 -2.0 14.2

FEB  112 : corresponding to GDML  54
0.0 -2.0 13.4
0.0 -2.0 13.4
0.0 -2.0 13.6
0.0 -2.0 13.6
0.0 -2.0 13.8
0.0 -2.0 13.9
0.0 -2.0 13.9
0.0 -2.0 14.1
0.0 -2.0 14.1
0.0 -2.0 14.2
0.0 -2.0 14.4
0.0 -2.0 14.4
0.0 -2.0 14.6
0.0 -2.0 14.6
0.0 -2.0 14.8
0.0 -2.0 14.9

FEB  113 : corresponding to GDML  64
-12.2 -2.0 27.5
-12.1 -2.0 27.5
-12.1 -2.0 27.5
-11.9 -2.0 27.5
-11.9 -2.0 27.5
-11.8 -2.0 27.5
-11.6 -2.0 27.5
-11.6 -2.0 27.5
-11.4 -2.0 27.5
-11.3 -2.0 27.5
-11.2 -2.0 27.5
-11.1 -2.0 27.5
-11.0 -2.0 27.5
-11.0 -2.0 27.5
-10.8 -2.0 27.5
-10.8 -2.0 27.5

FEB  114 : corresponding to GDML  63
-8.1 -2.0 27.5
-8.0 -2.0 27.5
-8.0 -2.0 27.5
-7.8 -2.0 27.5
-7.8 -2.0 27.5
-7.7 -2.0 27.5
-7.6 -2.0 27.5
-7.4 -2.0 27.5
-7.3 -2.0 27.5
-7.2 -2.0 27.5
-7.2 -2.0 27.5
-7.0 -2.0 27.5
-7.0 -2.0 27.5
-6.8 -2.0 27.5
-6.8 -2.0 27.5
-6.6 -2.0 27.5

FEB  115 : corresponding to GDML  62
-5.6 -2.0 27.5
-5.4 -2.0 27.5
-5.3 -2.0 27.5
-5.3 -2.0 27.5
-5.1 -2.0 27.5
-5.1 -2.0 27.5
-4.9 -2.0 27.5
-4.8 -2.0 27.5
-4.8 -2.0 27.5
-4.6 -2.0 27.5
-4.6 -2.0 27.5
-4.4 -2.0 27.5
-4.4 -2.0 27.5
-4.2 -2.0 27.5
-4.1 -2.0 27.5
-4.1 -2.0 27.5

FEB  116 : corresponding to GDML  65
-13.9 -2.0 32.6
-13.8 -2.0 32.6
-13.7 -2.0 32.6
-13.5 -2.0 32.6
-13.4 -2.0 32.6
-13.4 -2.0 32.6
-13.2 -2.0 32.6
-13.2 -2.0 32.6
-13.0 -2.0 32.6
-12.9 -2.0 32.6
-12.8 -2.0 32.6
-12.8 -2.0 32.6
-12.6 -2.0 32.6
-12.6 -2.0 32.6
-12.4 -2.0 32.6
-12.4 -2.0 32.6

FEB  117 : corresponding to GDML  70
-9.0 -5.0 32.6
-8.9 -5.0 32.6
-8.7 -5.0 32.6
-8.7 -5.0 32.6
-8.6 -5.0 32.6
-8.4 -5.0 32.6
-8.3 -5.0 32.6
-8.2 -5.0 32.6
-8.2 -5.0 32.6
-8.0 -5.0 32.6
-8.0 -5.0 32.6
-7.8 -5.0 32.6
-7.8 -5.0 32.6
-7.7 -5.0 32.6
-7.5 -5.0 32.6
-7.5 -5.0 32.6

FEB  118 : corresponding to GDML  72
-5.6 -7.5 32.6
-5.4 -7.5 32.6
-5.3 -7.5 32.6
-5.3 -7.5 32.6
-5.1 -7.5 32.6
-5.1 -7.5 32.6
-4.9 -7.5 32.6
-4.8 -7.5 32.6
-4.8 -7.5 32.6
-4.6 -7.5 32.6
-4.6 -7.5 32.6
-4.4 -7.5 32.6
-4.4 -7.5 32.6
-4.2 -7.5 32.6
-4.1 -7.5 32.6
-4.1 -7.5 32.6

FEB  119 : corresponding to GDML  66
-9.3 -2.0 42.6
-9.3 -2.0 42.6
-9.1 -2.0 42.6
-9.1 -2.0 42.6
-9.0 -2.0 42.6
-8.8 -2.0 42.6
-8.7 -2.0 42.6
-8.6 -2.0 42.6
-8.6 -2.0 42.6
-8.5 -2.0 42.6
-8.3 -2.0 42.6
-8.2 -2.0 42.6
-8.1 -2.0 42.6
-8.1 -2.0 42.6
-8.0 -2.0 42.6
-7.8 -2.0 42.6

FEB  120 : corresponding to GDML  71
-8.4 -5.0 42.6
-8.4 -5.0 42.6
-8.2 -5.0 42.6
-8.2 -5.0 42.6
-8.1 -5.0 42.6
-7.9 -5.0 42.6
-7.9 -5.0 42.6
-7.7 -5.0 42.6
-7.7 -5.0 42.6
-7.6 -5.0 42.6
-7.4 -5.0 42.6
-7.4 -5.0 42.6
-7.2 -5.0 42.6
-7.1 -5.0 42.6
-7.1 -5.0 42.6
-6.9 -5.0 42.6

FEB  121 : corresponding to GDML  67
-7.1 -2.0 42.6
-6.9 -2.0 42.6
-6.9 -2.0 42.6
-6.8 -2.0 42.6
-6.6 -2.0 42.6
-6.6 -2.0 42.6
-6.4 -2.0 42.6
-6.4 -2.0 42.6
-6.2 -2.0 42.6
-6.1 -2.0 42.6
-6.1 -2.0 42.6
-5.9 -2.0 42.6
-5.9 -2.0 42.6
-5.8 -2.0 42.6
-5.6 -2.0 42.6
-5.6 -2.0 42.6

FEB  123 : corresponding to GDML  57
0.0 -2.0 20.3
0.0 -2.0 20.5
0.0 -2.0 20.5
0.0 -2.0 20.6
0.0 -2.0 20.8
0.0 -2.0 20.8
0.0 -2.0 21.0
0.0 -2.0 21.0
0.0 -2.0 21.1
0.0 -2.0 21.3
0.0 -2.0 21.3
0.0 -2.0 21.5
0.0 -2.0 21.5
0.0 -2.0 21.6
0.0 -2.0 21.8
0.0 -2.0 21.8

FEB  124 : corresponding to GDML  58
0.0 -2.0 17.7
0.0 -2.0 17.8
0.0 -2.0 18.0
0.0 -2.0 18.0
0.0 -2.0 18.1
0.0 -2.0 18.3
0.0 -2.0 18.3
0.0 -2.0 18.5
0.0 -2.0 18.5
0.0 -2.0 18.6
0.0 -2.0 18.8
0.0 -2.0 18.8
0.0 -2.0 19.0
0.0 -2.0 19.0
0.0 -2.0 19.1
0.0 -2.0 19.3

FEB  125 : corresponding to GDML  59
0.0 -2.0 13.4
0.0 -2.0 13.4
0.0 -2.0 13.5
0.0 -2.0 13.7
0.0 -2.0 13.8
0.0 -2.0 13.9
0.0 -2.0 13.9
0.0 -2.0 14.0
0.0 -2.0 14.2
0.0 -2.0 14.2
0.0 -2.0 14.4
0.0 -2.0 14.4
0.0 -2.0 14.5
0.0 -2.0 14.7
0.0 -2.0 14.8
0.0 -2.0 14.9

FEB  126 : corresponding to GDML  60
0.0 -2.0 11.8
0.0 -2.0 11.8
0.0 -2.0 11.9
0.0 -2.0 12.0
0.0 -2.0 12.2
0.0 -2.0 12.2
0.0 -2.0 12.4
0.0 -2.0 12.4
0.0 -2.0 12.5
0.0 -2.0 12.7
0.0 -2.0 12.8
0.0 -2.0 12.9
0.0 -2.0 12.9
0.0 -2.0 13.0
0.0 -2.0 13.2
0.0 -2.0 13.2

FEB  127 : corresponding to GDML  68
-7.1 -2.0 30.0
-6.9 -2.0 30.0
-6.9 -2.0 30.0
-6.8 -2.0 30.0
-6.6 -2.0 30.0
-6.6 -2.0 30.0
-6.4 -2.0 30.0
-6.4 -2.0 30.0
-6.2 -2.0 30.0
-6.1 -2.0 30.0
-6.1 -2.0 30.0
-5.9 -2.0 30.0
-5.9 -2.0 30.0
-5.8 -2.0 30.0
-5.6 -2.0 30.0
-5.6 -2.0 30.0

FEB  128 : corresponding to GDML  69
-5.0 -4.5 19.5
-5.0 -4.5 19.6
-5.0 -4.5 19.6
-5.0 -4.5 19.8
-5.0 -4.5 19.8
-5.0 -4.5 20.0
-5.0 -4.5 20.1
-5.0 -4.5 20.1
-5.0 -4.5 20.3
-5.0 -4.5 20.3
-5.0 -4.5 20.4
-5.0 -4.5 20.5
-5.0 -4.5 20.6
-5.0 -4.5 20.8
-5.0 -4.5 20.9
-5.0 -4.5 21.0

FEB  129 : corresponding to GDML  61
2.4 0.5 30.0
2.6 0.5 30.0
2.7 0.5 30.0
2.7 0.5 30.0
2.9 0.5 30.0
2.9 0.5 30.0
3.1 0.5 30.0
3.2 0.5 30.0
3.2 0.5 30.0
3.4 0.5 30.0
3.4 0.5 30.0
3.6 0.5 30.0
3.6 0.5 30.0
3.8 0.5 30.0
3.9 0.5 30.0
3.9 0.5 30.0

FEB  195 : corresponding to GDML  56
0.0 -2.0 23.0
0.0 -2.0 23.0
0.0 -2.0 23.1
0.0 -2.0 23.3
0.0 -2.0 23.3
0.0 -2.0 23.5
0.0 -2.0 23.5
0.0 -2.0 23.7
0.0 -2.0 23.8
0.0 -2.0 23.8
0.0 -2.0 24.0
0.0 -2.0 24.0
0.0 -2.0 24.2
0.0 -2.0 24.2
0.0 -2.0 24.3
0.0 -2.0 24.5


FT 
FEB  26 : corresponding to GDML  14
-1.0 -45.5 6.0
-1.0 -45.5 6.1
-1.0 -45.5 6.1
-1.0 -45.5 6.0
-1.0 -45.5 6.0
-1.0 -45.5 6.0
-1.0 -45.5 6.1
-1.0 -45.5 6.1
-1.0 -45.5 6.0
-1.0 -45.5 6.0
-1.0 -45.5 6.0
-1.0 -45.5 6.1
-1.0 -45.5 6.1
-1.0 -45.5 6.0
-1.0 -45.5 6.0
-1.0 -45.5 6.0

FEB  27 : corresponding to GDML  13
-1.0 -45.5 6.0
-1.0 -45.5 6.0
-1.0 -45.5 6.1
-1.0 -45.5 6.1
-1.0 -45.5 6.0
-1.0 -45.5 6.0
-1.0 -45.5 6.0
-1.0 -45.5 6.1
-1.0 -45.5 6.1
-1.0 -45.5 6.0
-1.0 -45.5 6.0
-1.0 -45.5 6.0
-1.0 -45.5 6.1
-1.0 -45.5 6.1
-1.0 -45.5 6.0
-1.0 -45.5 6.0

FEB  28 : corresponding to GDML  12
-1.0 -45.5 6.1
-1.0 -45.5 6.0
-1.0 -45.5 6.0
-1.0 -45.5 6.1
-1.0 -45.5 6.1
-1.0 -45.5 6.1
-1.0 -45.5 6.0
-1.0 -45.5 6.0
-1.0 -45.5 6.1
-1.0 -45.5 6.1
-1.0 -45.5 6.0
-1.0 -45.5 6.0
-1.0 -45.5 6.0
-1.0 -45.5 6.1
-1.0 -45.5 6.1
-1.0 -45.5 6.0

FEB  29 : corresponding to GDML  11
-1.0 -45.5 6.1
-1.0 -45.5 6.1
-1.0 -45.5 6.0
-1.0 -45.5 6.0
-1.0 -45.5 6.1
-1.0 -45.5 6.1
-1.0 -45.5 6.1
-1.0 -45.5 6.0
-1.0 -45.5 6.0
-1.0 -45.5 6.1
-1.0 -45.5 6.1
-1.0 -45.5 6.1
-1.0 -45.5 6.0
-1.0 -45.5 6.0
-1.0 -45.5 6.1
-1.0 -45.5 6.1

FEB  30 : corresponding to GDML  15
-1.0 -45.5 6.1
-1.0 -45.5 6.1
-1.0 -45.5 6.0
-1.0 -45.5 6.0
-1.0 -45.5 6.0
-1.0 -45.5 6.1
-1.0 -45.5 6.0
-1.0 -45.5 6.0
-1.0 -45.5 6.1
-1.0 -45.5 6.1
-1.0 -45.5 6.0
-1.0 -45.5 6.0
-1.0 -45.5 6.0
-1.0 -45.5 6.1
-1.0 -45.5 6.1
-1.0 -45.5 6.0

FEB  31 : corresponding to GDML  10
-1.0 -45.5 6.1
-1.0 -45.5 6.0
-1.0 -45.5 6.1
-1.0 -45.5 6.0
-1.0 -45.5 6.1
-1.0 -45.5 6.1
-1.0 -45.5 6.0
-1.0 -45.5 6.1
-1.0 -45.5 6.0
-1.0 -45.5 6.1
-1.0 -45.5 6.1
-1.0 -45.5 6.0
-1.0 -45.5 6.1
-1.0 -45.5 6.0
-1.0 -45.5 6.1
-1.0 -45.5 6.1

FEB  52 : corresponding to GDML  9
-1.0 -45.5 6.1
-1.0 -45.5 6.1
-1.0 -45.5 6.1
-1.0 -45.5 6.0
-1.0 -45.5 6.0
-1.0 -45.5 6.1
-1.0 -45.5 6.1
-1.0 -45.5 6.1
-1.0 -45.5 6.0
-1.0 -45.5 6.0
-1.0 -45.5 6.0
-1.0 -45.5 6.1
-1.0 -45.5 6.0
-1.0 -45.5 6.1
-1.0 -45.5 6.0
-1.0 -45.5 6.1

FEB  56 : corresponding to GDML  21
-1.0 -43.2 -1.2
-1.0 -43.2 -1.2
-1.0 -43.2 -1.2
-1.0 -43.2 -1.2
-1.0 -43.2 -1.2
-1.0 -43.2 -1.2
-1.0 -43.2 -1.2
-1.0 -43.2 -1.2
-1.0 -43.2 -1.2
-1.0 -43.2 -1.2
-1.0 -43.2 -1.2
-1.0 -43.2 -1.2
-1.0 -43.2 -1.2
-1.0 -43.2 -1.2
-1.0 -43.2 -1.2
-1.0 -43.2 -1.2

FEB  57 : corresponding to GDML  18
-1.0 -43.2 -1.2
-1.0 -43.2 -1.2
-1.0 -43.2 -1.2
-1.0 -43.2 -1.2
-1.0 -43.2 -1.2
-1.0 -43.2 -1.2
-1.0 -43.2 -1.2
-1.0 -43.2 -1.2
-1.0 -43.2 -1.2
-1.0 -43.2 -1.2
-1.0 -43.2 -1.2
-1.0 -43.2 -1.2
-1.0 -43.2 -1.2
-1.0 -43.2 -1.2
-1.0 -43.2 -1.2
-1.0 -43.2 -1.2

FEB  58 : corresponding to GDML  20
-1.0 -43.2 -1.2
-1.0 -43.2 -1.2
-1.0 -43.2 -1.2
-1.0 -43.2 -1.2
-1.0 -43.2 -1.2
-1.0 -43.2 -1.2
-1.0 -43.2 -1.2
-1.0 -43.2 -1.2
-1.0 -43.2 -1.2
-1.0 -43.2 -1.2
-1.0 -43.2 -1.2
-1.0 -43.2 -1.2
-1.0 -43.2 -1.2
-1.0 -43.2 -1.2
-1.0 -43.2 -1.2
-1.0 -43.2 -1.2

FEB  59 : corresponding to GDML  17
-1.0 -43.2 -1.2
-1.0 -43.2 -1.2
-1.0 -43.2 -1.2
-1.0 -43.2 -1.2
-1.0 -43.2 -1.2
-1.0 -43.2 -1.2
-1.0 -43.2 -1.2
-1.0 -43.2 -1.2
-1.0 -43.2 -1.2
-1.0 -43.2 -1.2
-1.0 -43.2 -1.2
-1.0 -43.2 -1.2
-1.0 -43.2 -1.2
-1.0 -43.2 -1.2
-1.0 -43.2 -1.2
-1.0 -43.2 -1.2

FEB  60 : corresponding to GDML  19
-1.0 -43.2 -1.2
-1.0 -43.2 -1.2
-1.0 -43.2 -1.2
-1.0 -43.2 -1.2
-1.0 -43.2 -1.2
-1.0 -43.2 -1.2
-1.0 -43.2 -1.2
-1.0 -43.2 -1.2
-1.0 -43.2 -1.2
-1.0 -43.2 -1.2
-1.0 -43.2 -1.2
-1.0 -43.2 -1.2
-1.0 -43.2 -1.2
-1.0 -43.2 -1.2
-1.0 -43.2 -1.2
-1.0 -43.2 -1.2

FEB  61 : corresponding to GDML  16
-1.0 -43.2 -1.2
-1.0 -43.2 -1.2
-1.0 -43.2 -1.2
-1.0 -43.2 -1.2
-1.0 -43.2 -1.2
-1.0 -43.2 -1.2
-1.0 -43.2 -1.2
-1.0 -43.2 -1.2
-1.0 -43.2 -1.2
-1.0 -43.2 -1.2
-1.0 -43.2 -1.2
-1.0 -43.2 -1.2
-1.0 -43.2 -1.2
-1.0 -43.2 -1.2
-1.0 -43.2 -1.2
-1.0 -43.2 -1.2


Pipe
FEB  15 : corresponding to GDML  48
-3.5 -43.2 20.2
-3.5 -43.2 20.2
-3.5 -43.2 20.2
-3.5 -43.2 20.2
-3.5 -43.2 20.2
-3.5 -43.2 20.2
-3.5 -43.2 20.2
-3.5 -43.2 20.2
-3.5 -43.2 20.2
-3.5 -43.2 20.2
-3.5 -43.2 20.2
-3.5 -43.2 20.2
-3.5 -43.2 20.2
-3.5 -43.2 20.2
-3.5 -43.2 20.2
-3.5 -43.2 20.2

FEB  16 : corresponding to GDML  43
-3.0 -43.2 20.2
-3.0 -43.2 20.2
-3.0 -43.2 20.2
-3.0 -43.2 20.2
-3.0 -43.2 20.2
-3.0 -43.2 20.2
-3.0 -43.2 20.2
-3.0 -43.2 20.2
-3.0 -43.2 20.2
-3.0 -43.2 20.2
-3.0 -43.2 20.2
-3.0 -43.2 20.2
-3.0 -43.2 20.2
-3.0 -43.2 20.2
-3.0 -43.2 20.2
-3.0 -43.2 20.2

FEB  20 : corresponding to GDML  47
-3.5 -43.2 20.2
-3.5 -43.2 20.2
-3.5 -43.2 20.2
-3.5 -43.2 20.2
-3.5 -43.2 20.2
-3.5 -43.2 20.2
-3.5 -43.2 20.2
-3.5 -43.2 20.2
-3.5 -43.2 20.2
-3.5 -43.2 20.2
-3.5 -43.2 20.2
-3.5 -43.2 20.2
-3.5 -43.2 20.2
-3.5 -43.2 20.2
-3.5 -43.2 20.2
-3.5 -43.2 20.2

FEB  21 : corresponding to GDML  42
-3.0 -43.2 20.2
-3.0 -43.2 20.2
-3.0 -43.2 20.2
-3.0 -43.2 20.2
-3.0 -43.2 20.2
-3.0 -43.2 20.2
-3.0 -43.2 20.2
-3.0 -43.2 20.2
-3.0 -43.2 20.2
-3.0 -43.2 20.2
-3.0 -43.2 20.2
-3.0 -43.2 20.2
-3.0 -43.2 20.2
-3.0 -43.2 20.2
-3.0 -43.2 20.2
-3.0 -43.2 20.2

FEB  46 : corresponding to GDML  46
-3.5 -43.2 20.2
-3.5 -43.2 20.2
-3.5 -43.2 20.2
-3.5 -43.2 20.2
-3.5 -43.2 20.2
-3.5 -43.2 20.2
-3.5 -43.2 20.2
-3.5 -43.2 20.2
-3.5 -43.2 20.2
-3.5 -43.2 20.2
-3.5 -43.2 20.2
-3.5 -43.2 20.2
-3.5 -43.2 20.2
-3.5 -43.2 20.2
-3.5 -43.2 20.2
-3.5 -43.2 20.2

FEB  47 : corresponding to GDML  41
-3.0 -43.2 20.2
-3.0 -43.2 20.2
-3.0 -43.2 20.2
-3.0 -43.2 20.2
-3.0 -43.2 20.2
-3.0 -43.2 20.2
-3.0 -43.2 20.2
-3.0 -43.2 20.2
-3.0 -43.2 20.2
-3.0 -43.2 20.2
-3.0 -43.2 20.2
-3.0 -43.2 20.2
-3.0 -43.2 20.2
-3.0 -43.2 20.2
-3.0 -43.2 20.2
-3.0 -43.2 20.2

FEB  48 : corresponding to GDML  45
-3.5 -43.2 20.2
-3.5 -43.2 20.2
-3.5 -43.2 20.2
-3.5 -43.2 20.2
-3.5 -43.2 20.2
-3.5 -43.2 20.2
-3.5 -43.2 20.2
-3.5 -43.2 20.2
-3.5 -43.2 20.2
-3.5 -43.2 20.2
-3.5 -43.2 20.2
-3.5 -43.2 20.2
-3.5 -43.2 20.2
-3.5 -43.2 20.2
-3.5 -43.2 20.2
-3.5 -43.2 20.2

FEB  49 : corresponding to GDML  40
-3.0 -43.2 20.2
-3.0 -43.2 20.2
-3.0 -43.2 20.2
-3.0 -43.2 20.2
-3.0 -43.2 20.2
-3.0 -43.2 20.2
-3.0 -43.2 20.2
-3.0 -43.2 20.2
-3.0 -43.2 20.2
-3.0 -43.2 20.2
-3.0 -43.2 20.2
-3.0 -43.2 20.2
-3.0 -43.2 20.2
-3.0 -43.2 20.2
-3.0 -43.2 20.2
-3.0 -43.2 20.2

FEB  50 : corresponding to GDML  44
-3.5 -43.2 20.2
-3.5 -43.2 20.2
-3.5 -43.2 20.2
-3.5 -43.2 20.2
-3.5 -43.2 20.2
-3.5 -43.2 20.2
-3.5 -43.2 20.2
-3.5 -43.2 20.2
-3.5 -43.2 20.2
-3.5 -43.2 20.2
-3.5 -43.2 20.2
-3.5 -43.2 20.2
-3.5 -43.2 20.2
-3.5 -43.2 20.2
-3.5 -43.2 20.2
-3.5 -43.2 20.2

FEB  51 : corresponding to GDML  39
-3.0 -43.2 20.2
-3.0 -43.2 20.2
-3.0 -43.2 20.2
-3.0 -43.2 20.2
-3.0 -43.2 20.2
-3.0 -43.2 20.2
-3.0 -43.2 20.2
-3.0 -43.2 20.2
-3.0 -43.2 20.2
-3.0 -43.2 20.2
-3.0 -43.2 20.2
-3.0 -43.2 20.2
-3.0 -43.2 20.2
-3.0 -43.2 20.2
-3.0 -43.2 20.2
-3.0 -43.2 20.2

FEB  53 : corresponding to GDML  38
-3.0 -43.2 17.6
-3.0 -43.2 17.6
-3.0 -43.2 17.6
-3.0 -43.2 17.6
-3.0 -43.2 17.6
-3.0 -43.2 17.6
-3.0 -43.2 17.6
-3.0 -43.2 17.6
-3.0 -43.2 17.6
-3.0 -43.2 17.6
-3.0 -43.2 17.6
-3.0 -43.2 17.6
-3.0 -43.2 17.6
-3.0 -43.2 17.6
-3.0 -43.2 17.6
-3.0 -43.2 17.6

FEB  54 : corresponding to GDML  37
-3.0 -43.2 17.6
-3.0 -43.2 17.6
-3.0 -43.2 17.6
-3.0 -43.2 17.6
-3.0 -43.2 17.6
-3.0 -43.2 17.6
-3.0 -43.2 17.6
-3.0 -43.2 17.6
-3.0 -43.2 17.6
-3.0 -43.2 17.6
-3.0 -43.2 17.6
-3.0 -43.2 17.6
-3.0 -43.2 17.6
-3.0 -43.2 17.6
-3.0 -43.2 17.6
-3.0 -43.2 17.6

FEB  55 : corresponding to GDML  36
-3.0 -43.2 17.6
-3.0 -43.2 17.6
-3.0 -43.2 17.6
-3.0 -43.2 17.6
-3.0 -43.2 17.6
-3.0 -43.2 17.6
-3.0 -43.2 17.6
-3.0 -43.2 17.6
-3.0 -43.2 17.6
-3.0 -43.2 17.6
-3.0 -43.2 17.6
-3.0 -43.2 17.6
-3.0 -43.2 17.6
-3.0 -43.2 17.6
-3.0 -43.2 17.6
-3.0 -43.2 17.6

FEB  32 : corresponding to GDML  22
-3.0 -28.3 5.4
-3.0 -28.3 5.5
-3.0 -28.3 5.5
-3.0 -28.3 5.4
-3.0 -28.3 5.4
-3.0 -28.3 5.5
-3.0 -28.3 5.5
-3.0 -28.3 5.5
-3.0 -28.3 5.4
-3.0 -28.3 5.4
-3.0 -28.3 5.5
-3.0 -28.3 5.5
-3.0 -28.3 5.4
-3.0 -28.3 5.5
-3.0 -28.3 5.4
-3.0 -28.3 5.4

FEB  33 : corresponding to GDML  27
-3.0 -28.3 5.5
-3.0 -28.3 5.5
-3.0 -28.3 5.5
-3.0 -28.3 5.4
-3.0 -28.3 5.4
-3.0 -28.3 5.5
-3.0 -28.3 5.5
-3.0 -28.3 5.5
-3.0 -28.3 5.4
-3.0 -28.3 5.4
-3.0 -28.3 5.5
-3.0 -28.3 5.5
-3.0 -28.3 5.5
-3.0 -28.3 5.4
-3.0 -28.3 5.4
-3.0 -28.3 5.5

FEB  34 : corresponding to GDML  26
-3.0 -28.3 5.4
-3.0 -28.3 5.5
-3.0 -28.3 5.5
-3.0 -28.3 5.5
-3.0 -28.3 5.4
-3.0 -28.3 5.4
-3.0 -28.3 5.5
-3.0 -28.3 5.5
-3.0 -28.3 5.5
-3.0 -28.3 5.4
-3.0 -28.3 5.4
-3.0 -28.3 5.5
-3.0 -28.3 5.5
-3.0 -28.3 5.5
-3.0 -28.3 5.4
-3.0 -28.3 5.4

FEB  35 : corresponding to GDML  25
-3.0 -28.3 5.4
-3.0 -28.3 5.4
-3.0 -28.3 5.5
-3.0 -28.3 5.5
-3.0 -28.3 5.4
-3.0 -28.3 5.4
-3.0 -28.3 5.4
-3.0 -28.3 5.5
-3.0 -28.3 5.5
-3.0 -28.3 5.5
-3.0 -28.3 5.4
-3.0 -28.3 5.4
-3.0 -28.3 5.5
-3.0 -28.3 5.5
-3.0 -28.3 5.5
-3.0 -28.3 5.4

FEB  36 : corresponding to GDML  24
-3.0 -28.3 5.4
-3.0 -28.3 5.4
-3.0 -28.3 5.4
-3.0 -28.3 5.5
-3.0 -28.3 5.5
-3.0 -28.3 5.4
-3.0 -28.3 5.4
-3.0 -28.3 5.4
-3.0 -28.3 5.5
-3.0 -28.3 5.5
-3.0 -28.3 5.4
-3.0 -28.3 5.4
-3.0 -28.3 5.4
-3.0 -28.3 5.5
-3.0 -28.3 5.5
-3.0 -28.3 5.4

FEB  37 : corresponding to GDML  28
-3.0 -28.3 5.5
-3.0 -28.3 5.5
-3.0 -28.3 5.4
-3.0 -28.3 5.4
-3.0 -28.3 5.5
-3.0 -28.3 5.5
-3.0 -28.3 5.5
-3.0 -28.3 5.5
-3.0 -28.3 5.5
-3.0 -28.3 5.4
-3.0 -28.3 5.4
-3.0 -28.3 5.5
-3.0 -28.3 5.5
-3.0 -28.3 5.5
-3.0 -28.3 5.4
-3.0 -28.3 5.4

FEB  38 : corresponding to GDML  23
-3.0 -28.3 5.5
-3.0 -28.3 5.4
-3.0 -28.3 5.5
-3.0 -28.3 5.4
-3.0 -28.3 5.4
-3.0 -28.3 5.5
-3.0 -28.3 5.4
-3.0 -28.3 5.5
-3.0 -28.3 5.4
-3.0 -28.3 5.4
-3.0 -28.3 5.5
-3.0 -28.3 5.4
-3.0 -28.3 5.5
-3.0 -28.3 5.4
-3.0 -28.3 5.4
-3.0 -28.3 5.5

FEB  39 : corresponding to GDML  35
-3.0 -38.7 5.4
-3.0 -38.7 5.4
-3.0 -38.7 5.5
-3.0 -38.7 5.5
-3.0 -38.7 5.5
-3.0 -38.7 5.4
-3.0 -38.7 5.4
-3.0 -38.7 5.5
-3.0 -38.7 5.5
-3.0 -38.7 5.5
-3.0 -38.7 5.5
-3.0 -38.7 5.5
-3.0 -38.7 5.4
-3.0 -38.7 5.4
-3.0 -38.7 5.5
-3.0 -38.7 5.5

FEB  40 : corresponding to GDML  34
-3.0 -38.7 5.5
-3.0 -38.7 5.4
-3.0 -38.7 5.4
-3.0 -38.7 5.5
-3.0 -38.7 5.5
-3.0 -38.7 5.5
-3.0 -38.7 5.4
-3.0 -38.7 5.4
-3.0 -38.7 5.5
-3.0 -38.7 5.5
-3.0 -38.7 5.5
-3.0 -38.7 5.4
-3.0 -38.7 5.4
-3.0 -38.7 5.5
-3.0 -38.7 5.5
-3.0 -38.7 5.5

FEB  41 : corresponding to GDML  33
-3.0 -38.7 5.4
-3.0 -38.7 5.4
-3.0 -38.7 5.5
-3.0 -38.7 5.5
-3.0 -38.7 5.5
-3.0 -38.7 5.4
-3.0 -38.7 5.4
-3.0 -38.7 5.5
-3.0 -38.7 5.5
-3.0 -38.7 5.5
-3.0 -38.7 5.4
-3.0 -38.7 5.4
-3.0 -38.7 5.5
-3.0 -38.7 5.5
-3.0 -38.7 5.5
-3.0 -38.7 5.4

FEB  42 : corresponding to GDML  32
-3.0 -38.7 5.4
-3.0 -38.7 5.5
-3.0 -38.7 5.5
-3.0 -38.7 5.5
-3.0 -38.7 5.4
-3.0 -38.7 5.4
-3.0 -38.7 5.5
-3.0 -38.7 5.5
-3.0 -38.7 5.5
-3.0 -38.7 5.4
-3.0 -38.7 5.4
-3.0 -38.7 5.4
-3.0 -38.7 5.5
-3.0 -38.7 5.5
-3.0 -38.7 5.4
-3.0 -38.7 5.4

FEB  43 : corresponding to GDML  31
-3.0 -38.7 5.4
-3.0 -38.7 5.5
-3.0 -38.7 5.5
-3.0 -38.7 5.4
-3.0 -38.7 5.4
-3.0 -38.7 5.4
-3.0 -38.7 5.5
-3.0 -38.7 5.5
-3.0 -38.7 5.4
-3.0 -38.7 5.4
-3.0 -38.7 5.4
-3.0 -38.7 5.5
-3.0 -38.7 5.5
-3.0 -38.7 5.4
-3.0 -38.7 5.4
-3.0 -38.7 5.4

FEB  44 : corresponding to GDML  30
-3.0 -38.7 5.5
-3.0 -38.7 5.4
-3.0 -38.7 5.4
-3.0 -38.7 5.5
-3.0 -38.7 5.4
-3.0 -38.7 5.5
-3.0 -38.7 5.4
-3.0 -38.7 5.4
-3.0 -38.7 5.5
-3.0 -38.7 5.4
-3.0 -38.7 5.5
-3.0 -38.7 5.4
-3.0 -38.7 5.4
-3.0 -38.7 5.5
-3.0 -38.7 5.4
-3.0 -38.7 5.5

FEB  45 : corresponding to GDML  29
-3.0 -38.7 5.4
-3.0 -38.7 5.4
-3.0 -38.7 5.5
-3.0 -38.7 5.4
-3.0 -38.7 5.5
-3.0 -38.7 5.5
-3.0 -38.7 5.4
-3.0 -38.7 5.4
-3.0 -38.7 5.5
-3.0 -38.7 5.5
-3.0 -38.7 5.5
-3.0 -38.7 5.4
-3.0 -38.7 5.4
-3.0 -38.7 5.5
-3.0 -38.7 5.5
-3.0 -38.7 5.4



