---------------- Bottom FEBs --------------------- 
Module_11 (0.0,  8.0) (-16.0, -16.0) (-32.0, -24.0)
Module_12 (0.0,  8.0) (-16.0, -16.0) ( 32.0, -24.0)
Module_14 (8.0, 16.0) (-16.0, -16.0) (  0.0,   0.0)
Module_17 (8.0,  8.0) (-16.0, -16.0) ( -8.0,  -8.0)
Module_18 (8.0,  0.0) (-16.0, -16.0) (  0.0,   8.0)
Module_19 (8.0,  0.0) (-16.0, -16.0) ( -8.0,   0.0)
Module_22 (0.0,  0.0) (-16.0, -16.0) (  0.0,  -8.0)
Module_23 (16.0, 8.0) (-16.0, -16.0) (  0.0,   8.0)
Module_24 (8.0, 16.0) (-16.0, -16.0) ( -8.0,   8.0)

----------------    Top FEBs --------------------- 
Module_105 ( -16.0,  -8.0) ( 0.0,  0.0) (  40.0,  32.0)
Module_106 ( -16.0,   8.0) ( 0.0, -8.0) (  32.0,  32.0)
Module_107 (  -8.0,   8.0) ( 0.0, -8.0) (  32.0,  24.0)
Module_108 (   8.0,   8.0) ( 0.0, -8.0) (  16.0,  16.0)
Module_109 ( -16.0,  -8.0) ( 0.0,  0.0) (  32.0,  32.0)
Module_111 (   8.0,   8.0) ( 0.0, -8.0) (   8.0,   8.0)
Module_112 (   8.0,   8.0) ( 0.0, -8.0) (  16.0,  16.0)
Module_113 ( -16.0, -16.0) ( 0.0,  0.0) (  24.0,  32.0)
Module_114 (  -8.0,  -8.0) ( 0.0,  0.0) (  40.0,  32.0)
Module_115 (   0.0,   0.0) ( 0.0,  0.0) (  32.0,  24.0)
Module_116 (  -8.0,  -8.0) ( 0.0,  0.0) (  32.0, -16.0)
Module_117 (   0.0,  -8.0) (-8.0, -8.0) (  40.0, -16.0)
Module_118 (  -8.0,  -8.0) (-8.0, -8.0) (  32.0,  24.0)
Module_119 (   0.0,  -8.0) ( 0.0,  0.0) (   8.0, -80.0)
Module_120 (-184.0,-176.0) ( 0.0,  0.0) (   8.0, -16.0)
Module_121 ( 168.0, 176.0) (-8.0, -8.0) (  32.0,  24.0)
Module_123 (   8.0,   8.0) ( 0.0,  0.0) (  16.0,  24.0)
Module_124 (   8.0,   0.0) (-8.0, -8.0) (  16.0,  24.0)
Module_125 (   0.0,   8.0) ( 0.0,  0.0) ( 192.0, 200.0)
Module_126 (   0.0,   8.0) ( 0.0,  0.0) (-160.0,-168.0)
Module_127 (  -8.0,   8.0) ( 0.0,  0.0) (  24.0,  24.0)
Module_128 (   0.0,   0.0) (-8.0, -8.0) (  24.0,  24.0)
Module_129 ( -16.0,   8.0) (-8.0, -8.0) (  16.0,  24.0)
Module_195 (   0.0,   0.0) ( 0.0,  0.0) (   0.0,  0.0)


----------------     FT FEBs --------------------- 
Module_26 (0.0, 0.0) (-72.0, -48.0)  ( 0.0,   0.0)
Module_27 (0.0, 0.0) (-48.0, -24.0)  ( 8.0,   0.0)
Module_28 (0.0, 0.0) (-48.0, -24.0)  ( 0.0,   8.0)
Module_29 (0.0, 0.0) (-72.0, -40.0)  (16.0,  16.0)
Module_30 (0.0, 0.0) (-48.0, -48.0)  ( 8.0,   8.0)
Module_31 (0.0, 0.0) (-48.0, -40.0)  ( 8.0,  16.0)
Module_52 (0.0, 0.0) (-48.0, -40.0)  ( 8.0,  16.0)
Module_56 (0.0, 0.0) (-32.0, -48.0)  (-8.0,   8.0)
Module_57 (0.0, 0.0) (-48.0, -48.0)  (-8.0,   8.0)
Module_58 (0.0, 0.0) (-32.0, -24.0)  (16.0,   0.0)
Module_59 (0.0, 0.0) (-48.0, -48.0)  ( 8.0,   0.0)
Module_60 (0.0, 0.0) (-40.0, -40.0)  ( 8.0, -48.0)
Module_61 (0.0, 0.0) (-48.0, -32.0)  ( 0.0,   0.0)


----------------   Pipe FEBs --------------------- 
Module_15 (0.0, 0.0) ( -48.0, -40.0) (  0.0,   0.0)
Module_16 (0.0, 0.0) ( -40.0, -48.0) ( 16.0,  16.0)
Module_20 (0.0, 0.0) ( -48.0, -40.0) (-24.0,  32.0)
Module_21 (0.0, 0.0) ( -40.0, -48.0) (  8.0,  40.0)
Module_46 (0.0, 0.0) ( -48.0, -40.0) ( 32.0,  24.0)
Module_47 (0.0, 0.0) ( -40.0, -48.0) ( 24.0,  16.0)
Module_48 (0.0, 0.0) ( -48.0, -40.0) ( 16.0, -16.0)
Module_49 (0.0, 0.0) ( -40.0, -48.0) (128.0,  48.0)
Module_50 (0.0, 0.0) ( -48.0, -40.0) (  8.0, -40.0)
Module_51 (0.0, 0.0) ( -40.0, -48.0) (-32.0,  32.0)
Module_53 (0.0, 0.0) ( -48.0, -40.0) (  8.0,   8.0)
Module_54 (0.0, 0.0) ( -48.0, -40.0) (  8.0,   8.0)
Module_55 (0.0, 0.0) ( -48.0, -40.0) (  0.0,   0.0)
Module_32 (0.0, 0.0) ( -80.0, -32.0) ( 24.0,  16.0)
Module_33 (0.0, 0.0) (-104.0, -40.0) ( -8.0,   8.0)
Module_34 (0.0, 0.0) (  24.0, -40.0) (  0.0,   8.0)
Module_35 (0.0, 0.0) ( -48.0, -40.0) (  8.0,   8.0)
Module_36 (0.0, 0.0) (-104.0, -40.0) (  8.0,   8.0)
Module_37 (0.0, 0.0) (-112.0, -40.0) (  8.0,   8.0)
Module_38 (0.0, 0.0) ( -72.0, -40.0) (  8.0,  16.0)
Module_39 (0.0, 0.0) ( -48.0, -32.0) (  8.0,   8.0)
Module_40 (0.0, 0.0) ( -40.0, -40.0) ( -8.0,  16.0)
Module_41 (0.0, 0.0) ( -40.0, -40.0) (  0.0,   0.0)
Module_42 (0.0, 0.0) ( -40.0, -40.0) (  8.0,   8.0)
Module_43 (0.0, 0.0) ( -48.0, -40.0) (  8.0,  16.0)
Module_44 (0.0, 0.0) ( -40.0, -64.0) (  8.0,   8.0)
Module_45 (0.0, 0.0) ( -40.0, -56.0) ( 16.0,   8.0)
